10345  25559  17240
32102  23483  6315
8642  12220  3904
1230  5760  15941
21652  15422  19246
15233  1615  14594
29766  25170  10969
688  27283  6562
31104  28467  30952
23372  13767  24779
12817  570  21761
9557  25354  17355
8735  23245  30063
22647  21447  32017
22068  6069  18598
232  13462  2844
24070  8258  11601
15561  5283  15298
13844  17666  30650
30073  23858  23320
31332  26869  12698
28050  16162  9338
26377  1415  32185
18319  2686  31052
31552  27324  23279
12880  18551  13459
6714  2627  14938
16365  27230  894
20726  14198  2795
24735  124  19052
2743  24435  4244
24227  16851  6938
1523  9165  10173
22885  18992  27640
22999  18307  1491
27992  26136  27101
24752  20807  11778
17214  7283  13450
30164  30519  15739
31958  29696  27586
13804  10130  29919
11813  18175  30175
26276  7961  3229
6614  24975  10796
26413  18704  99
3172  14250  22636
7449  28197  8696
17676  17878  21588
18808  20129  32283
11453  15322  1769
8251  31154  32306
31350  29459  24821
28750  22192  18421
8665  31303  12573
13541  13987  14423
21472  16136  9526
6378  13184  2393
17136  8440  29163
23454  28623  19089
4795  5531  3288
12730  17591  25221
12729  887  25757
16569  26029  25385
7455  12718  24480
14874  18475  9768
4500  9559  30063
31407  835  30142
14877  6208  16389
30295  11755  3394
23541  27880  14687
12987  21583  2243
6473  12740  20253
13283  15249  32059
32275  31287  22834
5047  10423  31550
29063  7617  8645
6612  2758  15425
11217  24140  23498
6966  4398  16062
17173  7338  29455
16802  12053  12262
5100  11934  23462
10466  8487  16797
2265  11263  16368
5153  3827  504
24934  12506  29625
26646  8702  1399
25835  12452  14377
9916  15375  18339
13873  6869  28527
28607  9060  7658
5221  19329  12405
5363  22230  1733
2847  8910  2557
13423  5387  5006
13930  13402  500
4631  18762  13713
8457  23528  18664
10434  21907  26423
12916  14063  727
12099  25860  4199
28478  6886  15832
10229  25267  12649
18914  11863  1101
4509  12421  25073
15150  24359  15262
1731  5803  6684
8385  6809  429
5326  28613  6529
17750  31717  19074
26242  7912  9393
18905  11403  27875
5566  13301  19370
14190  32169  26577
9854  6136  3123
8698  25583  17439
24980  32407  31004
16337  2066  23718
3989  31409  11217
1672  7115  23740
1261  17344  14277
1580  10182  14328
5652  18076  12187
13124  8456  3950
30555  22443  6692
25962  21687  14308
19920  5543  2428
21341  12110  12719
24352  4994  28911
5854  8346  11835
27783  1291  26231
4534  28702  2155
26923  15720  17128
15025  19877  11342
30328  8058  8230
13433  22576  8169
29010  32713  5884
27022  18824  505
28992  13453  26223
4059  32526  13564
30417  31717  27805
15244  18605  23533
14582  18796  7559
23601  19697  7018
6403  17306  32352
28764  32178  3394
21386  3774  11308
15155  6875  19868
6239  18034  10969
9395  10534  20540
24154  2003  13854
30863  8436  4487
6069  32236  8118
16632  32131  2652
29205  20239  32478
20913  20265  24282
6568  25870  8986
3377  4972  24489
6357  9113  28841
20688  27651  29288
30318  1834  5947
5674  27175  8512
12918  11332  951
1851  5572  15063
17863  12783  5182
20455  12381  25369
25404  7101  432
13029  456  2697
31035  5812  13394
8524  20752  17691
26789  8693  24943
6959  5657  15050
8855  26368  28170
17674  220  15203
28810  22225  14074
12533  14675  11323
8873  14428  6399
11212  18289  25040
20092  2576  29632
15835  29882  20606
15418  15196  30886
19362  16720  9938
11100  9340  29460
11991  17560  10531
18251  4587  26990
2221  5572  22899
2876  1619  3817
17921  13020  26577
148  20694  3102
8972  23844  26278
17781  3831  14543
16283  6128  7095
12602  30876  2924
22022  29510  20942
19209  14805  21293
13915  7642  6197
10959  29043  22497
5239  29254  13457
22330  31890  18112
21248  24982  198
21390  22173  30187
3711  20856  20958
26218  21116  4180
4883  20146  9776
16087  7404  14915
27753  25770  2108
3893  8495  17088
13052  4394  8431
3560  24723  4225
27353  14238  12117
6604  25222  14631
1865  14724  21726
5341  26159  10236
17465  455  11457
29076  16324  30060
20794  28463  18983
32745  6933  8935
4964  11842  19479
19711  2562  26358
23183  19736  1900
29910  8413  9128
7060  13334  9777
10153  15323  5541
25749  17550  22837
27834  12334  21627
8584  15024  9150
27317  28758  27923
13934  8792  12956
16891  24267  17736
16890  18072  26382
24425  31507  9231
22176  4627  4919
11908  5341  15296
28992  27256  10521
18440  3513  31830
15328  15312  7750
13896  15746  20926
4159  14415  21967
15088  5791  22163
288  22509  20253
14840  32407  32219
17048  28401  29607
7155  17592  22169
26838  21811  30419
11776  961  25170
29197  8130  8801
20473  23748  5087
15246  27952  28459
12742  10433  32279
11060  18611  15646
1750  19380  4667
19890  17110  11970
806  3833  7218
16223  7804  27555
14184  8797  32482
14487  26453  10873
2599  27193  7520
22475  795  12008
10741  26208  28064
4811  24885  12325
30979  4302  30699
26118  25740  13543
11458  25688  4691
13214  4534  9844
15446  6860  2505
7589  32713  32675
20215  28485  12973
19950  5227  24098
14244  7322  6387
25383  17412  11126
15794  14648  19498
28215  29973  24669
2577  18623  7688
23587  21027  24735
8041  12607  10830
10202  22460  26229
22363  1260  13601
3256  21627  15370
2436  4755  26915
32172  28436  26311
20762  15945  20726
11830  10961  15201
27706  4351  8178
20929  23822  25323
31803  2307  3121
11016  9869  30804
4267  20115  12352
26746  22972  25371
28346  22293  13586
27620  21312  16164
1342  1674  29963
19148  15465  19174
415  21077  28483
25141  1880  19574
5181  6519  20038
5074  17144  29462
13115  9666  2045
31688  14625  15957
8366  26294  17553
30101  13181  13534
13730  16908  22619
27574  21503  1159
1395  7954  16701
282  13337  21063
25963  26980  20989
29841  2538  23572
21157  31922  5759
32172  29978  26588
9382  3718  4577
8145  23849  8724
1324  3145  21490
23403  2386  21396
22045  21251  5501
3712  24146  2488
5282  29565  9042
3349  2231  15615
29903  12498  28192
20260  23169  411
29546  24727  10614
21780  22843  10932
938  6937  3721
25837  30167  21578
23819  3948  10126
20935  14829  20729
20871  8760  3784
27679  28214  20497
3793  3978  22686
21780  27729  1460
19818  26391  597
1985  570  519
18086  14247  18235
21293  6139  1425
26362  27056  15470
1158  14458  20571
9261  29253  6020
29857  17522  30324
14142  32478  7861
23802  767  32736
18464  20394  354
6054  1347  21281
28057  31079  19977
2801  31492  28887
19946  2303  30466
19621  13411  11305
15624  21064  27043
21036  12528  7931
31624  24773  13203
6662  22217  27159
17817  23616  8309
28749  19600  12498
17308  3200  11836
4925  1867  31963
13870  20127  16574
24061  31128  8754
30162  5022  11616
3861  953  9334
8819  13135  7665
3418  23644  22033
14711  20393  30229
2363  14392  16102
18717  1058  26824
20902  2762  7056
11862  31149  21473
31501  25824  18260
18020  861  21923
23598  17835  29258
20438  28906  29878
14244  14743  29307
28354  7045  11558
31351  28186  6617
30289  9917  21808
5918  1071  5211
19948  21097  8977
431  29508  14506
4790  23500  14605
32048  19646  15134
1553  7024  3937
4946  13409  9730
97  6768  27629
1772  31805  11082
2897  5411  26024
10010  4850  9039
2361  6759  17994
27599  26980  10536
30592  32253  1705
1580  12604  4275
30731  31161  12985
24078  26564  15220
29212  27761  18487
9088  6404  26829
21798  30442  12130
30240  13605  21317
26763  5692  20303
32145  18059  4042
10551  6242  1980
30094  24866  1342
4760  13037  6259
30022  21452  16812
25190  27928  17037
27898  2817  16373
32559  17841  19016
17951  16372  11225
14257  21125  34
4462  4567  11170
9560  23138  11890
2979  3873  32230
9863  27592  17610
19686  4828  7948
13681  466  27823
8  15967  32164
26279  13845  27544
22047  21003  21937
9903  6484  25650
24612  18399  27243
28731  26211  15704
23456  26878  21300
15575  10636  16193
8339  13177  15270
28720  31828  26577
3593  22535  8203
568  26744  7442
24617  28516  1695
18135  13927  20797
5531  21906  19304
29163  10941  28129
17305  27956  6027
27841  21341  1029
16136  30649  24167
20046  20534  23893
9830  16147  2520
22998  19688  11969
27516  5160  11384
24510  30649  26388
19722  12611  27574
19127  30618  29806
4075  29235  11535
6035  1580  29092
1125  7124  14563
86  13323  2289
20381  11061  19082
21345  19656  2948
23144  26785  14522
21970  7500  21964
32246  21802  21090
15468  23211  9867
23553  2447  2942
18583  24716  8990
5001  21391  29334
32619  17828  28031
1097  23305  29411
20150  10760  224
25184  27257  28755
22656  30266  4089
18667  11958  8669
6018  21303  27741
5508  28660  999
12151  17149  8311
28631  31357  8108
4715  15926  28147
18387  14238  1511
16446  26385  24770
6695  26554  2600
22558  2673  11016
15875  5251  22942
2981  8183  6274
12369  16065  17225
20956  3730  10318
4080  3386  16569
3159  32413  21022
7054  27283  22009
15130  17326  14394
19757  7744  1073
27671  14248  6617
30857  4319  7708
22874  3501  20929
26826  9875  7800
13630  32512  6954
12107  31291  32736
1608  3322  19284
30818  23186  21222
15476  15005  14427
7270  18082  14914
26647  25964  13854
4713  22803  24165
16045  6288  30820
14176  10801  8416
29726  9843  21884
22451  16070  11610
28518  21588  26377
25186  11805  18693
6061  16518  28349
29767  21449  17111
29473  14165  17201
20257  12792  30194
9013  13259  27931
9060  12171  15615
542  8385  6025
9483  10532  20585
21399  25607  5624
724  28389  8888
12122  8334  6489
21685  20631  13695
5580  15816  18781
16752  22645  26263
4044  29131  27045
17540  22736  10402
24757  6353  2735
29939  2877  19208
15838  24619  5255
17050  16409  13544
16708  966  19890
8963  4989  5052
29994  25806  27340
26627  22782  18842
29899  25880  17347
18813  461  12376
17013  1618  4556
22815  14605  24064
11683  7474  9553
29184  24701  19546
1008  18457  25998
3922  3022  26734
24065  5603  13213
7355  9009  28750
13741  13532  2331
6122  1541  29839
9492  27406  28338
3706  27831  8241
18015  20592  16674
29776  29990  25840
14946  6289  15270
19950  18219  8997
28758  31958  29900
1906  10008  11215
29539  22898  30482
23613  10829  24662
21177  7817  28897
15472  9774  1828
16222  9295  12238
29897  27681  32044
18181  3075  18716
21125  1378  3056
13699  28935  1521
24644  30664  10417
11973  5264  29642
31287  14548  3269
4426  13220  27144
9972  26270  16452
13714  10839  31657
12225  13954  10133
14602  14476  14484
11842  22420  14718
17229  31653  25598
32448  23367  1727
10972  19944  28106
3464  8398  32100
6811  1916  6904
6940  20505  8534
27570  26195  28037
9756  14208  8398
24482  31067  5700
31545  27518  1716
21682  8390  7055
19095  27141  9751
769  22607  30192
24414  19279  319
23256  25027  16401
363  18496  13318
19733  21818  18821
29285  8880  7290
11467  27072  29782
11940  22071  28155
1385  17505  21343
28580  30799  23118
17150  5333  5063
12540  25837  22876
29309  3644  26190
31258  20700  9113
15882  12201  27939
15909  11647  31810
11707  9081  14706
4317  456  16375
12107  3481  12286
2642  2689  8543
1973  16465  20051
19650  10304  24783
10169  19498  21115
1799  27546  27954
30884  2830  17727
21326  108  2977
10504  28593  27469
17697  24413  12398
22813  23004  15336
10973  6372  28558
21761  17728  15339
17960  20330  9126
24341  11215  4669
23568  7794  29224
30498  13779  26386
18643  19141  30781
6935  8501  12680
3195  15374  32635
17525  30394  3968
23771  31350  27277
29123  32541  12744
32399  19222  26971
28077  17225  23278
18949  7265  16726
19850  2599  31056
8900  20429  25071
24454  3006  5453
5738  8295  26216
1192  17550  12960
9739  32279  23933
19805  17778  28741
14344  17341  1172
12129  23410  13442
10611  17009  26487
25102  18499  6890
15757  18059  22223
27262  20330  14441
3865  2870  14022
13069  25920  11712
31330  6087  5287
16906  9289  31493
2132  19984  3414
20935  8854  9970
502  4947  10219
16457  9263  9002
20768  1467  12002
5946  18618  29389
32333  11861  6037
23801  467  2786
17611  9217  31488
1491  11479  15490
11720  11735  21499
18636  26127  18128
14303  13297  30319
23943  25722  796
5173  17310  20533
20772  13484  1991
17230  10337  20383
15924  20091  11967
11033  11599  5329
22544  5231  12970
27875  4775  10880
29753  7470  8738
7484  12735  14261
7303  1635  19078
22760  15763  16271
19283  19914  1102
22901  6297  25939
20195  6248  2285
28947  26799  6687
954  14617  16024
2231  30774  26387
11680  32507  16532
11447  8121  484
17788  10593  27356
13148  30136  21245
9813  8775  26160
26151  27233  23492
11800  8593  11770
8624  21352  20645
14066  27245  23436
26988  20543  3553
21597  16815  14998
17345  26961  8028
2875  22287  22766
10282  27927  13025
24197  29824  30731
11365  25628  18836
4740  11810  4268
16080  4431  10368
1677  21113  2479
27531  26158  12690
2477  19956  26889
14078  10928  17752
10454  26086  12877
21445  26367  25434
13664  28283  26709
13115  29020  16879
14593  15448  20447
30486  27837  22487
18570  24031  12100
28631  5391  8450
14598  29011  27531
26360  31777  5449
13079  1098  7565
17692  26265  8975
3734  7736  6625
944  23184  22772
21745  15087  31942
5820  14747  4392
21171  23407  10066
26326  32373  13830
20794  16984  19838
23671  31361  27382
30605  16088  19698
13599  18908  21960
32199  25588  4763
12299  13503  17419
24734  884  26993
25452  27475  17672
10976  2784  14070
3168  1359  23660
18696  17999  31319
15128  253  31429
16182  24564  26933
10739  13674  16477
5165  1200  20863
10621  23031  1052
25637  13585  2535
9347  31109  31599
25744  18308  17109
9927  29166  370
15914  19369  2021
22010  4238  10951
5354  10246  18003
16381  769  24802
28071  17038  18151
4765  16232  31409
28560  6579  19001
4172  18900  488
21461  14079  27749
12919  25763  23396
16388  9580  12683
13717  22516  11855
22537  25839  11951
5122  8319  30998
6873  492  15056
3129  4210  5208
10538  21144  591
1047  19747  17219
30667  13677  19208
15908  10938  11819
14193  21311  16798
14104  17177  3897
31262  11413  22765
28951  22451  17025
25187  27977  10917
16219  9741  8679
822  29350  29806
8250  25884  27282
5900  28542  20277
11480  13766  11494
27511  30438  9832
27873  31526  18748
23165  16796  21321
16918  24421  2760
32094  2891  9383
29341  20557  24437
31880  15391  5531
27218  2780  18080
3808  2154  5660
27270  28539  10738
28345  4942  7812
23793  24752  15057
21762  17057  25439
10694  27742  29720
31638  8585  28952
6695  1010  21275
19897  15491  20326
18281  8713  3106
23067  7377  6785
11496  31866  15842
23555  17027  21639
30051  22473  17556
22896  919  7068
24079  19813  6336
29254  23524  427
22754  26697  28383
8428  19657  2257
17612  29650  25677
26344  15584  21460
28117  18153  15188
16463  10010  31799
24659  18904  19246
20270  9750  18385
16828  32602  10830
3130  21393  13799
9922  2506  2139
31833  23865  8254
4529  2942  31386
754  26452  1696
13650  28078  30901
30462  10998  7106
6071  7038  16681
13653  181  24732
3521  9978  9159
5286  2597  6020
4929  11307  5625
28700  15229  10929
3326  10896  18395
934  29747  23022
22789  1945  577
8530  28792  12714
1813  3324  13632
26943  30415  421
30210  3065  7131
13843  3136  21479
13405  27372  1241
28153  32467  21704
12751  21687  31222
27785  2381  17202
23520  6639  30185
21563  1140  27751
31782  8660  28411
22052  22845  30948
26379  7537  32541
29999  1197  30790
4528  6532  13246
1561  18784  14392
19094  7158  24282
16340  29672  5842
25617  16395  28649
10269  11910  15087
28853  20630  14024
5732  5614  32099
4406  16852  19366
31585  25612  25636
4223  13497  32414
9703  26384  27828
30174  27602  30347
28112  27172  5488
7837  24083  23087
5143  662  11679
10087  28187  20426
21383  12132  577
17207  19681  7860
8055  12904  4636
24793  17602  7065
30356  20882  7543
283  9828  4956
3502  5114  13947
12087  25332  29150
31475  25005  32064
31279  6046  14609
1065  32380  32481
26885  31829  21022
21189  30526  20789
32024  23627  9612
9967  5698  3328
15636  2204  2215
16082  7904  18100
18475  9762  15771
6598  14705  10778
25749  23917  20731
5953  28686  30591
11667  24652  23216
16263  12778  24888
17501  31350  24960
22677  22059  16021
1219  2853  10157
21438  22651  17829
2421  25548  19557
12523  22742  3920
5406  11313  16623
14982  5443  8625
3300  9863  25047
2418  28527  10943
26085  3681  25496
8866  26982  2467
2752  25499  32612
18474  11236  20293
8032  20102  14368
21982  28146  3838
30834  31993  30895
17888  18625  15986
26959  28693  1054
21415  29712  4088
1609  16613  1365
13417  26231  13601
29331  30236  20306
4585  12909  24375
6210  12186  24606
28957  1003  12754
3608  15492  18423
40  11242  16334
16917  14107  871
32662  32321  9545
4357  3465  29255
10466  15235  29047
4738  347  11983
10409  9194  26983
24102  12150  28494
3363  29053  18705
14813  12432  8736
31141  9963  6727
19097  26276  26354
5736  11731  4444
22487  9684  14719
8139  31343  11676
18359  10164  24898
15033  9185  12274
31887  11773  22231
23565  26512  25673
32325  30219  6910
12033  13138  19080
10456  12477  17538
2825  25953  29249
18138  10894  8552
17328  16966  26726
22987  15868  32057
32071  62  30881
11155  7838  16713
18323  1223  19492
27536  5492  1341
7090  23639  11787
24309  30550  5445
3314  23918  422
24424  1166  16582
5204  8058  20804
21538  3331  16227
27882  17232  23641
20734  13948  29611
2902  20000  16913
25663  10980  6615
25869  22830  25007
9967  21143  22099
3126  26555  23630
11556  8995  27410
11063  8669  23511
19095  1274  27611
14154  20029  29007
5445  29458  26891
21427  32242  4289
29469  19807  1415
26484  17644  31610
8416  29609  6095
25998  24242  22865
20417  12345  8046
19495  4708  26661
1128  21055  20294
31033  23096  5346
7523  9745  608
13209  4588  5036
8240  19848  29767
15717  3303  13565
29527  25893  22299
329  16381  21462
20827  29391  12511
32283  29714  23898
21352  24894  5806
3252  3600  11370
17410  22388  14301
2586  11753  21527
18729  7633  1069
25682  2471  2572
12967  2727  24481
4724  19111  15927
9347  11865  7062
12503  8861  8028
16089  15205  8229
24683  6905  25693
7035  243  8705
13479  7345  16464
20264  20147  16459
32137  10160  31688
24387  20282  17166
9113  30801  22481
7755  25114  15977
10749  16042  12177
28804  20836  26507
20208  24227  21397
26511  30306  16401
15677  16637  26148
16105  3997  12645
24982  23769  8763
23683  16018  5413
19672  7781  32508
24559  28067  18640
10394  31413  8108
20449  20262  6683
13723  10736  1186
26859  19618  26297
9196  30810  2992
16830  10642  1421
25320  13287  3815
14427  24401  18540
23383  16213  26319
14580  24567  27907
28754  5375  20832
14961  3149  30849
13246  21226  20842
5583  19748  3332
380  5823  4643
29917  31412  6411
16538  19363  18713
18935  7375  8282
27698  25908  1215
26073  9477  6915
19891  10774  24646
8606  8212  21156
4296  30163  17792
634  3639  3826
7453  3318  19465
2537  10798  6690
31922  4014  28900
24629  29975  31453
