31104  28467  30952
31958  29696  27586
32275  31287  22834
24980  32407  31004
29010  32713  5884
29205  20239  32478
32745  6933  8935
14840  32407  32219
14184  8797  32482
7589  32713  32675
32172  29978  26588
23802  767  32736
32559  17841  19016
32619  17828  28031
12107  31291  32736
29897  27681  32044
29123  32541  12744
32399  19222  26971
11680  32507  16532
16828  32602  10830
28153  32467  21704
26379  7537  32541
31475  25005  32064
30834  31993  30895
32662  32321  9545
32283  29714  23898
32137  10160  31688
19672  7781  32508
24629  29975  31453
